7.018700	17.988737	7.022992	N
7.418633	18.696182	7.422928	N
7.818688	19.385785	7.823006	N
8.218535	20.061075	8.222953	N
8.618676	20.721481	8.622977	N
9.018700	21.365113	9.022923	N
9.418633	21.989227	9.422928	N
9.818754	22.592288	9.823006	N
9.918712	22.720903	9.922966	N
10.218798	23.156852	10.222953	N
10.518777	23.583539	10.522849	N
10.818820	24.002598	10.823006	N
11.118926	24.415641	11.122941	N
11.418964	24.824516	11.422928	N
11.519040	24.941412	11.522849	N
11.719083	25.211921	11.722996	N
11.919130	25.481299	11.922966	N
12.019116	25.615845	12.022923	N
12.119256	25.702086	12.122941	N
12.219323	25.836324	12.222953	N
12.419295	26.104487	12.422928	N
12.619511	26.372175	12.622977	N
12.819610	26.639686	12.823006	N
12.919706	26.752970	12.922966	N
13.019532	26.886604	13.022923	N
13.119915	27.020361	13.122941	N
13.219846	27.153815	13.222953	N
13.320146	27.287354	13.322986	N
13.420121	27.398461	13.422928	N
13.520221	27.531990	13.522849	N
13.620344	27.665393	13.622977	N
13.720490	27.774444	13.722996	N
13.820661	27.907895	13.823006	N
13.920749	28.041393	13.922966	N
14.020775	28.174641	14.022923	N
14.121231	28.308137	14.122941	N
14.221153	28.414472	14.222953	N
14.265761	28.461198	14.267359	N
14.321391	28.517196	14.322986	N
14.421604	28.650599	14.422928	N
14.521792	28.764624	14.522849	N
14.622007	28.877256	14.622977	N
14.633367	28.892373	14.634267	N
14.825516	28.941472	14.826056	N
15.001863	29.100646	15.002148	N
15.223989	29.270166	15.223996	N
15.826723	29.829799	15.826056	N
16.128141	30.251200	16.127086	N
16.304512	30.517791	16.303178	N
16.429704	30.709075	16.428116	N
16.526830	30.857550	16.525026	N
16.606209	30.978838	16.604208	N
16.673335	31.081527	16.671154	N
16.731499	31.170731	16.729146	N
16.782817	31.249810	16.780299	N
16.828725	31.320999	16.826056	N
16.870263	31.385890	16.867449	N
16.908195	31.445682	16.905238	N
16.943094	31.501211	16.940000	N
16.975413	31.553179	16.972184	N
17.005524	31.602091	17.002148	N
17.033665	31.648556	17.030176	N
17.209858	31.729566	17.206268	0.930600
17.227657	31.810730	17.223996	0.930100
17.244767	31.886915	17.241030	0.929500
17.261241	31.958762	17.257420	0.928800
17.277129	32.026976	17.273214	0.928100
17.292472	32.091942	17.288454	0.927400
17.307302	32.153655	17.303178	0.926500
17.321659	32.212759	17.317418	0.925600
17.335574	32.269483	17.331206	0.924700
17.349072	32.323889	17.344570	0.923700
17.362178	32.376042	17.357535	0.922500
17.374918	32.426012	17.370124	0.921000
17.387313	32.474104	17.382359	0.919300
17.399380	32.520460	17.394258	0.917400
17.411140	32.565312	17.405840	0.915400
17.422605	32.608652	17.417121	0.913200
17.433794	32.650680	17.428116	0.910900
17.444723	32.691572	17.438840	0.908600
17.455400	32.731196	17.449306	0.906100
17.465838	32.769719	17.459525	0.903500
17.476055	32.807291	17.469509	0.900900
17.486056	32.843868	17.479269	0.898200
17.495850	32.879501	17.488814	0.895400
17.505448	32.914234	17.498154	0.892500
17.514858	32.948110	17.507298	0.889500
17.524093	32.981250	17.516252	0.886500
17.533150	33.013524	17.525026	0.883300
17.542047	33.045128	17.533626	0.880100
17.550789	33.076088	17.542060	0.876900
17.559375	33.106280	17.550332	0.873500
17.567820	33.135883	17.558450	0.870100
17.576124	33.164845	17.566419	0.866600
17.584293	33.193192	17.574244	0.863000
17.592337	33.221017	17.581931	0.859400
17.600256	33.248267	17.589484	0.855700
17.608053	33.274964	17.596908	0.851900
17.615740	33.301195	17.604208	0.848100
17.623309	33.326840	17.611386	0.844100
17.630781	33.352119	17.618448	0.840200
17.638142	33.376845	17.625397	0.836100
17.645408	33.401166	17.632236	0.832000
17.652575	33.425030	17.638970	0.827800
17.659648	33.448451	17.645600	0.823500
17.666634	33.471505	17.652131	0.819200
17.673532	33.494140	17.658565	0.814800
17.680350	33.516430	17.664905	0.810400
17.687084	33.538323	17.671154	0.805900
17.693736	33.559830	17.677315	0.801300
17.700317	33.581021	17.683389	0.796700
17.706820	33.601845	17.689379	0.792000
17.713256	33.622372	17.695288	0.787300
17.719619	33.642548	17.701118	0.782500
17.725911	33.662383	17.706870	0.777600
17.732141	33.681944	17.712547	0.772700
17.738312	33.701237	17.718151	0.767800
17.744417	33.720212	17.723683	0.762800
17.750457	33.738874	17.729146	0.757700
17.756451	33.757347	17.734541	0.752700
17.762376	33.775462	17.739870	0.747500
17.768257	33.793400	17.745134	0.742400
17.774080	33.811050	17.750336	0.737200
17.779844	33.828418	17.755475	0.731900
17.785561	33.845567	17.760555	0.726600
17.791232	33.862501	17.765576	0.721300
17.796857	33.879226	17.770539	0.716000
17.802429	33.895689	17.775446	0.710600
17.807958	33.911951	17.780299	0.705200
17.813444	33.928017	17.785098	0.699800
17.818890	33.943891	17.789844	0.694400
17.824285	33.959520	17.794539	0.688900
17.829641	33.974965	17.799184	0.683400
17.834958	33.990230	17.803780	0.677900
17.840238	34.005317	17.808328	0.672400
17.845481	34.020231	17.812828	0.666900
17.850688	34.034975	17.817282	0.661400
17.855847	34.049496	17.821691	0.655800
17.860983	34.063909	17.826056	0.650300
17.866073	34.078106	17.830378	0.644700
17.871142	34.092201	17.834656	0.639200
17.876164	34.106086	17.838894	0.633600
17.881154	34.119818	17.843090	0.628000
17.886125	34.133457	17.847246	0.622500
17.891065	34.146948	17.851362	0.617000
17.895959	34.160241	17.855440	0.611400
17.900836	34.173446	17.859480	0.605900
17.905684	34.186513	17.863483	0.600400
17.910485	34.199388	17.867449	0.594800
17.915288	34.212237	17.871379	0.589400
17.920046	34.224900	17.875274	0.583900
17.924774	34.237432	17.879135	0.578400
17.929490	34.249890	17.882961	0.573000
17.934160	34.262168	17.886754	0.567500
17.938819	34.274377	17.890514	0.562100
17.943449	34.286463	17.894242	0.556700
17.948070	34.298482	17.897938	0.551400
17.952644	34.310330	17.901603	0.546000
17.957209	34.322115	17.905238	0.540700
17.961746	34.333785	17.908842	0.535400
17.966276	34.345395	17.912416	0.530200
17.970759	34.356841	17.915961	0.524900
17.975234	34.368230	17.919478	0.519700
17.979703	34.379564	17.922966	0.514600
17.984125	34.390739	17.926427	0.509400
17.988540	34.401862	17.929860	0.504300
17.992929	34.412881	17.933266	0.499200
17.997314	34.423851	17.936646	0.494200
18.001672	34.434721	17.940000	0.489200
18.006003	34.445491	17.943328	0.484200
18.010332	34.456216	17.946630	0.479300
18.014634	34.466845	17.949908	0.474400
18.018910	34.477379	17.953161	0.469500
18.023185	34.487871	17.956390	0.464700
18.027433	34.498271	17.959595	0.459900
18.031655	34.508579	17.962777	0.455100
18.035876	34.518850	17.965935	0.450400
18.040098	34.529083	17.969071	0.445800
18.044267	34.539177	17.972184	0.441100
18.048438	34.549237	17.975275	0.436500
18.052610	34.559262	17.978345	0.432000
18.056756	34.569203	17.981392	0.427500
18.060877	34.579061	17.984419	0.423000
18.065001	34.588888	17.987424	0.418600
18.069099	34.598634	17.990409	0.414200
18.073171	34.608300	17.993374	0.409800
18.077247	34.617938	17.996318	0.405500
18.081298	34.627498	17.999243	0.401200
18.085354	34.637031	18.002148	0.397000
18.089385	34.646488	18.005033	0.392800
18.093423	34.655921	18.007900	0.388700
18.097435	34.665280	18.010748	0.384600
18.101422	34.674565	18.013577	0.380500
18.105416	34.683828	18.016388	0.376500
18.109386	34.693019	18.019181	0.372500
18.113364	34.702189	18.021956	0.368600
18.117318	34.711290	18.024713	0.364700
18.121246	34.720321	18.027453	0.360800
18.125185	34.729334	18.030176	0.357000
18.129098	34.738279	18.032882	0.353200
18.133024	34.747207	18.035571	0.349500
18.136924	34.756070	18.038244	0.345800
18.140799	34.764866	18.040900	0.342100
18.144688	34.773648	18.043540	0.338500
18.148552	34.782366	18.046164	0.334900
18.152431	34.791071	18.048773	0.331400
18.156285	34.799713	18.051366	0.327900
18.160113	34.808293	18.053943	0.324400
18.163959	34.816861	18.056505	0.321000
18.167780	34.825369	18.059052	0.317600
18.171619	34.833867	18.061585	0.314300
18.175389	34.842256	18.064102	0.310900
18.179223	34.850685	18.066606	0.307700
18.182987	34.859006	18.069094	0.304400
18.186772	34.867320	18.071569	0.301200
18.190579	34.875626	18.074030	0.298100
18.194361	34.883875	18.076476	0.295000
18.198119	34.892070	18.078909	0.291900
18.201852	34.900209	18.081329	0.288800
18.205609	34.908342	18.083735	0.285800
18.209342	34.916422	18.086128	0.282800
18.213101	34.924497	18.088507	0.279900
18.216784	34.932471	18.090874	0.276900
18.220546	34.940490	18.093228	0.274100
18.224231	34.948408	18.095569	0.271200
18.227945	34.956324	18.097898	0.268400
18.231635	34.964189	18.100214	0.265600
18.235355	34.972053	18.102518	0.262900
18.239051	34.979867	18.104810	0.260200
18.242724	34.987631	18.107090	0.257500
18.246372	34.995348	18.109358	0.254800
18.250053	35.003064	18.111614	0.252200
18.253710	35.010732	18.113858	0.249600
18.257402	35.018401	18.116091	0.247100
18.261012	35.025976	18.118312	0.244500
18.264658	35.033552	18.120523	0.242000
18.268340	35.041130	18.122721	0.239600
18.271939	35.048615	18.124909	0.237100
18.275575	35.056102	18.127086	0.234700
18.279189	35.063545	18.129252	0.232300
18.282842	35.070992	18.131408	0.230000
18.286409	35.078348	18.133552	0.227600
18.290017	35.085707	18.135686	0.225300
18.293667	35.093071	18.137810	0.223100
18.297229	35.100346	18.139924	0.220800
18.300835	35.107626	18.142027	0.218600
18.304418	35.114864	18.144120	0.216400
18.308047	35.122108	18.146203	0.214300
18.311585	35.129263	18.148276	0.212100
18.315170	35.136426	18.150339	0.210000
18.318732	35.143548	18.152392	0.207900
18.322344	35.150678	18.154436	0.205900
18.325863	35.157722	18.156470	0.203800
18.329431	35.164773	18.158495	0.201800
18.332978	35.171785	18.160510	0.199800
18.336576	35.178806	18.162516	0.197900
18.340080	35.185743	18.164513	0.195900
18.343636	35.192688	18.166500	0.194000
18.347171	35.199597	18.168479	0.192100
18.350685	35.206468	18.170449	0.190200
18.354255	35.213349	18.172409	0.188400
18.357727	35.220147	18.174361	0.186500
18.361255	35.226956	18.176304	0.184700
18.364842	35.233776	18.178239	0.183000
18.368329	35.240514	18.180165	0.181200
18.371795	35.247217	18.182082	0.179400
18.375322	35.253932	18.183991	0.177700
18.378828	35.260612	18.185892	0.176000
18.382315	35.267258	18.187784	0.174300
18.385865	35.273917	18.189668	0.172700
18.389310	35.280496	18.191544	0.171000
18.392821	35.287087	18.193412	0.169400
18.396311	35.293646	18.195272	0.167800
18.399782	35.300172	18.197124	0.166200
18.403233	35.306666	18.198968	0.164600
18.406753	35.313174	18.200805	0.163100
18.410254	35.319650	18.202633	0.161600
18.413645	35.326048	18.204454	0.160000
18.417107	35.332461	18.206268	0.158500
18.420642	35.338889	18.208073	0.157100
18.424066	35.345240	18.209872	0.155600
18.427564	35.351607	18.211663	0.154200
18.430949	35.357897	18.213446	0.152700
18.434409	35.364204	18.215222	0.151300
18.437850	35.370480	18.216991	0.149900
18.441370	35.376773	18.218753	0.148600
18.444775	35.382991	18.220508	0.147200
18.448160	35.389180	18.222256	0.145800
18.451625	35.395385	18.223996	0.144500
18.455073	35.401562	18.225730	0.143200
18.458503	35.407711	18.227457	0.141900
18.461914	35.413832	18.229177	0.140600
18.465307	35.419925	18.230890	0.139300
18.468786	35.426035	18.232596	0.138100
18.472143	35.432073	18.234296	0.136800
18.475586	35.438129	18.235989	0.135600
18.479012	35.444158	18.237676	0.134400
18.482421	35.450161	18.239356	0.133200
18.485812	35.456137	18.241030	0.132000
18.489186	35.462086	18.242697	0.130800
18.492651	35.468055	18.244358	0.129700
18.495990	35.473952	18.246012	0.128500
18.499421	35.479869	18.247660	0.127400
18.502836	35.485761	18.249302	0.126300
18.506235	35.491627	18.250938	0.125200
18.509617	35.497468	18.252568	0.124100
18.512982	35.503284	18.254191	0.123000
18.516330	35.509076	18.255809	0.121900
18.519777	35.514888	18.257420	0.120900
18.523092	35.520631	18.259026	0.119800
18.526506	35.526394	18.260625	0.118800
18.529788	35.532089	18.262219	0.117700
18.533170	35.537805	18.263807	0.116700
18.536537	35.543497	18.265389	0.115700
18.539888	35.549166	18.266965	0.114700
18.543343	35.554856	18.268536	0.113800
18.546662	35.560478	18.270101	0.112800
18.549965	35.566078	18.271660	0.111800
18.553376	35.571700	18.273214	0.110900
18.556647	35.577254	18.274763	0.109900
18.560027	35.582831	18.276305	0.109000
18.563391	35.588385	18.277843	0.108100
18.566741	35.593918	18.279375	0.107200
18.570076	35.599429	18.280901	0.106300
18.573395	35.604918	18.282422	0.105400
18.576700	35.610385	18.283938	0.104500
18.580118	35.615875	18.285449	0.103700
18.590028	35.632131	18.289949	0.101100
18.593389	35.637537	18.291439	0.100300
18.596737	35.642923	18.292924	0.099500
