7.018700	17.988737	7.022992	N
7.418633	18.696182	7.422928	N
7.818688	19.385785	7.823006	N
8.218535	20.061075	8.222953	N
8.618676	20.721481	8.622977	N
9.018700	21.365113	9.022923	N
9.418633	21.989227	9.422928	N
9.818754	22.592288	9.823006	N
9.918712	22.720903	9.922966	N
10.218798	23.156852	10.222953	N
10.518777	23.583539	10.522849	N
10.818820	24.002598	10.823006	N
11.118926	24.415641	11.122941	N
11.418964	24.824516	11.422928	N
11.519040	24.941412	11.522849	N
11.719083	25.211921	11.722996	N
11.919130	25.481299	11.922966	N
12.019116	25.615845	12.022923	N
12.119256	25.702086	12.122941	N
12.219323	25.836324	12.222953	N
12.419295	26.104487	12.422928	N
12.619511	26.372175	12.622977	N
12.819610	26.639686	12.823006	N
12.919706	26.752970	12.922966	N
13.019532	26.886604	13.022923	N
13.119915	27.020361	13.122941	N
13.219846	27.153815	13.222953	N
13.320146	27.287354	13.322986	N
13.420121	27.398461	13.422928	N
13.520221	27.531990	13.522849	N
13.620344	27.665393	13.622977	N
13.720490	27.774444	13.722996	N
13.820661	27.907895	13.823006	N
13.920749	28.041393	13.922966	N
14.020775	28.174641	14.022923	N
14.121231	28.308137	14.122941	N
14.221153	28.414472	14.222953	N
14.265761	28.461198	14.267359	N
14.321391	28.517196	14.322986	N
14.421604	28.650599	14.422928	N
14.521792	28.764624	14.522849	N
14.622007	28.877256	14.622977	N
14.633367	28.892373	14.634267	N
14.825516	28.941472	14.826056	N
15.001863	29.100646	15.002148	N
15.223989	29.270166	15.223996	N
15.826723	29.829799	15.826056	N
16.128141	30.251200	16.127086	N
16.304512	30.517791	16.303178	N
16.429704	30.709075	16.428116	N
16.526830	30.857550	16.525026	N
16.606209	30.978838	16.604208	N
16.673335	31.081527	16.671154	N
16.731499	31.170731	16.729146	N
16.782817	31.249810	16.780299	N
16.828725	31.320999	16.826056	N
16.870263	31.385890	16.867449	N
16.908195	31.445682	16.905238	N
16.943094	31.501211	16.940000	N
16.975413	31.553179	16.972184	N
17.005524	31.602091	17.002148	N
17.033665	31.648556	17.030176	N
17.191072	31.763028	17.187784	0.936600
17.209638	31.840665	17.206268	0.935600
17.227457	31.912957	17.223996	0.934500
17.244588	31.980845	17.241030	0.933400
17.261082	32.044679	17.257420	0.932200
17.276989	32.105114	17.273214	0.931000
17.292349	32.162512	17.288454	0.929800
17.307198	32.217018	17.303178	0.928500
17.321574	32.269212	17.317418	0.927300
17.335504	32.319009	17.331206	0.926000
17.349017	32.366753	17.344570	0.924700
17.362136	32.412483	17.357535	0.923300
17.374888	32.456118	17.370124	0.921600
17.387293	32.497958	17.382359	0.919700
17.399368	32.538140	17.394258	0.917600
17.411135	32.577002	17.405840	0.915500
17.422603	32.614415	17.417121	0.913200
17.433794	32.650680	17.428116	0.910900
17.444721	32.685863	17.438840	0.908600
17.455394	32.719928	17.449306	0.906200
17.465827	32.753032	17.459525	0.903800
17.476033	32.785225	17.469509	0.901400
17.486018	32.816465	17.479269	0.898900
17.495798	32.846975	17.488814	0.896500
17.505376	32.876617	17.498154	0.894000
17.514763	32.905518	17.507298	0.891500
17.523967	32.933711	17.516252	0.889000
17.532997	32.961228	17.525026	0.886500
17.541859	32.988098	17.533626	0.884000
17.550559	33.014348	17.542060	0.881500
17.559105	33.040004	17.550332	0.879000
17.567501	33.065091	17.558450	0.876500
17.575753	33.089631	17.566419	0.874000
17.583867	33.113644	17.574244	0.871500
17.591848	33.137153	17.581931	0.869000
17.599705	33.160241	17.589484	0.866600
17.607433	33.182793	17.596908	0.864100
17.615041	33.204892	17.604208	0.861600
17.622533	33.226556	17.611386	0.859100
17.629918	33.247861	17.618448	0.856700
17.637189	33.268696	17.625397	0.854200
17.644361	33.289199	17.632236	0.851800
17.651431	33.309319	17.638970	0.849400
17.658403	33.329070	17.645600	0.847000
17.665274	33.348406	17.652131	0.844500
17.672057	33.367453	17.658565	0.842100
17.678757	33.386221	17.664905	0.839800
17.685364	33.404606	17.671154	0.837400
17.691886	33.422674	17.677315	0.835000
17.698331	33.440490	17.683389	0.832700
17.704691	33.457953	17.689379	0.830300
17.710978	33.475179	17.695288	0.828000
17.717184	33.492070	17.701118	0.825600
17.723323	33.508738	17.706870	0.823300
17.729390	33.525139	17.712547	0.821000
17.735386	33.541280	17.718151	0.818700
17.741322	33.557216	17.723683	0.816500
17.747184	33.572855	17.729146	0.814200
17.752982	33.588253	17.734541	0.811900
17.758724	33.603465	17.739870	0.809700
17.764404	33.618447	17.745134	0.807500
17.770017	33.633157	17.750336	0.805200
17.775578	33.647696	17.755475	0.803000
17.781082	33.662021	17.760555	0.800800
17.786531	33.676137	17.765576	0.798600
17.791932	33.690095	17.770539	0.796500
17.797272	33.703808	17.775446	0.794300
17.802567	33.717371	17.780299	0.792200
17.807804	33.730698	17.785098	0.790000
17.812998	33.743883	17.789844	0.787900
17.818143	33.756885	17.794539	0.785800
17.823241	33.769707	17.799184	0.783700
17.828292	33.782354	17.803780	0.781600
17.833296	33.794830	17.808328	0.779500
17.838256	33.807137	17.812828	0.777400
17.843180	33.819322	17.817282	0.775400
17.848052	33.831302	17.821691	0.773300
17.852890	33.843166	17.826056	0.771300
17.857687	33.854873	17.830378	0.769300
17.862435	33.866387	17.834656	0.767200
17.867151	33.877792	17.838894	0.765200
17.871828	33.889050	17.843090	0.763200
17.876475	33.900203	17.847246	0.761300
17.881075	33.911174	17.851362	0.759300
17.885639	33.922006	17.855440	0.757300
17.890174	33.932740	17.859480	0.755400
17.894675	33.943339	17.863483	0.753500
17.899130	33.953766	17.867449	0.751500
17.903561	33.964102	17.871379	0.749600
17.907957	33.974310	17.875274	0.747700
17.912320	33.984392	17.879135	0.745800
17.916650	33.994350	17.882961	0.743900
17.920957	34.004224	17.886754	0.742100
17.925223	34.013939	17.890514	0.740200
17.929457	34.023537	17.894242	0.738300
17.933671	34.033055	17.897938	0.736500
17.937854	34.042459	17.901603	0.734700
17.941997	34.051712	17.905238	0.732800
17.946121	34.060891	17.908842	0.731000
17.950216	34.069960	17.912416	0.729200
17.954282	34.078921	17.915961	0.727400
17.958330	34.087811	17.919478	0.725700
17.962341	34.096559	17.922966	0.723900
17.966324	34.105204	17.926427	0.722100
17.970291	34.113783	17.929860	0.720400
17.974220	34.122224	17.933266	0.718600
17.978134	34.130601	17.936646	0.716900
17.982022	34.138880	17.940000	0.715200
17.985885	34.147062	17.943328	0.713500
17.989722	34.155147	17.946630	0.711800
17.993535	34.163138	17.949908	0.710100
17.997323	34.171035	17.953161	0.708400
18.001088	34.178839	17.956390	0.706700
18.004828	34.186552	17.959595	0.705000
18.008556	34.194209	17.962777	0.703400
18.012249	34.201743	17.965935	0.701700
18.015930	34.209222	17.969071	0.700100
18.019589	34.216614	17.972184	0.698500
18.023214	34.223886	17.975275	0.696800
18.026829	34.231106	17.978345	0.695200
18.030421	34.238241	17.981392	0.693600
18.033992	34.245293	17.984419	0.692000
18.037542	34.252262	17.987424	0.690400
18.041082	34.259182	17.990409	0.688900
18.044589	34.265988	17.993374	0.687300
18.048076	34.272713	17.996318	0.685700
18.051554	34.279392	17.999243	0.684200
18.055000	34.285959	18.002148	0.682600
18.058437	34.292481	18.005033	0.681100
18.061856	34.298925	18.007900	0.679600
18.065242	34.305260	18.010748	0.678000
18.068621	34.311551	18.013577	0.676500
18.071981	34.317767	18.016388	0.675000
18.075322	34.323908	18.019181	0.673500
18.078643	34.329975	18.021956	0.672000
18.081959	34.336001	18.024713	0.670600
18.085244	34.341920	18.027453	0.669100
18.088511	34.347768	18.030176	0.667600
18.091772	34.353576	18.032882	0.666200
18.095002	34.359280	18.035571	0.664700
18.098228	34.364945	18.038244	0.663300
18.101423	34.370507	18.040900	0.661800
18.104613	34.376032	18.043540	0.660400
18.107786	34.381487	18.046164	0.659000
18.110942	34.386873	18.048773	0.657600
18.114081	34.392191	18.051366	0.656200
18.117203	34.397440	18.053943	0.654800
18.120308	34.402621	18.056505	0.653400
18.123397	34.407734	18.059052	0.652000
18.126469	34.412780	18.061585	0.650600
18.129525	34.417759	18.064102	0.649200
18.132578	34.422704	18.066606	0.647900
18.135601	34.427551	18.069094	0.646500
18.138623	34.432364	18.071569	0.645200
18.141614	34.437079	18.074030	0.643800
18.144604	34.441761	18.076476	0.642500
18.147578	34.446377	18.078909	0.641200
18.150523	34.450897	18.081329	0.639800
18.153466	34.455384	18.083735	0.638500
18.156394	34.459807	18.086128	0.637200
18.159307	34.464165	18.088507	0.635900
18.162205	34.468460	18.090874	0.634600
18.165088	34.472691	18.093228	0.633300
18.167956	34.476858	18.095569	0.632000
18.170809	34.480961	18.097898	0.630700
18.173662	34.485034	18.100214	0.629500
18.176486	34.489010	18.102518	0.628200
18.179310	34.492957	18.104810	0.627000
18.182105	34.496807	18.107090	0.625700
18.184886	34.500594	18.109358	0.624400
18.187668	34.504351	18.111614	0.623200
18.190435	34.508045	18.113858	0.622000
18.193173	34.511643	18.116091	0.620700
18.195913	34.515211	18.118312	0.619500
18.198638	34.518717	18.120523	0.618300
18.201350	34.522159	18.122721	0.617100
18.204048	34.525539	18.124909	0.615900
18.206733	34.528856	18.127086	0.614700
18.209404	34.532109	18.129252	0.613500
18.212061	34.535300	18.131408	0.612300
18.214705	34.538427	18.133552	0.611100
18.217335	34.541491	18.135686	0.609900
18.219969	34.544525	18.137810	0.608800
18.222573	34.547462	18.139924	0.607600
18.225163	34.550335	18.142027	0.606400
18.227757	34.553178	18.144120	0.605300
18.230322	34.555923	18.146203	0.604100
18.232890	34.558638	18.148276	0.603000
18.235428	34.561254	18.150339	0.601800
18.237971	34.563840	18.152392	0.600700
18.240500	34.566361	18.154436	0.599600
18.243017	34.568816	18.156470	0.598500
18.245504	34.571171	18.158495	0.597300
18.247996	34.573495	18.160510	0.596200
18.250475	34.575753	18.162516	0.595100
18.252941	34.577944	18.164513	0.594000
18.255395	34.580068	18.166500	0.592900
18.257837	34.582124	18.168479	0.591800
18.260266	34.584113	18.170449	0.590700
18.262700	34.586069	18.172409	0.589700
18.265105	34.587921	18.174361	0.588600
18.267497	34.589703	18.176304	0.587500
18.269877	34.591415	18.178239	0.586400
18.272263	34.593094	18.180165	0.585400
18.274618	34.594664	18.182082	0.584300
18.276980	34.596200	18.183991	0.583300
18.279312	34.597627	18.185892	0.582200
18.281649	34.599018	18.187784	0.581200
18.283957	34.600298	18.189668	0.580100
18.286271	34.601541	18.191544	0.579100
18.288555	34.602671	18.193412	0.578000
18.290845	34.603764	18.195272	0.577000
18.293124	34.604779	18.197124	0.576000
18.295390	34.605717	18.198968	0.575000
18.297645	34.606577	18.200805	0.574000
18.299889	34.607357	18.202633	0.573000
18.302121	34.608056	18.204454	0.572000
18.304341	34.608674	18.206268	0.571000
18.306550	34.609209	18.208073	0.570000
18.308747	34.609661	18.209872	0.569000
18.310933	34.610027	18.211663	0.568000
18.313107	34.610306	18.213446	0.567000
18.315269	34.610499	18.215222	0.566000
18.317421	34.610601	18.216991	0.565000
18.319580	34.610656	18.218753	0.564100
