7.018700	17.988737	7.022992	N
7.418633	18.696182	7.422928	N
7.818688	19.385785	7.823006	N
8.218535	20.061075	8.222953	N
8.618676	20.721481	8.622977	N
9.018700	21.365113	9.022923	N
9.418633	21.989227	9.422928	N
9.818754	22.592288	9.823006	N
9.918712	22.720903	9.922966	N
10.218798	23.156852	10.222953	N
10.518777	23.583539	10.522849	N
10.818820	24.002598	10.823006	N
11.118926	24.415641	11.122941	N
11.418964	24.824516	11.422928	N
11.519040	24.941412	11.522849	N
11.719083	25.211921	11.722996	N
11.919130	25.481299	11.922966	N
12.019116	25.615845	12.022923	N
12.119256	25.702086	12.122941	N
12.219323	25.836324	12.222953	N
12.419295	26.104487	12.422928	N
12.619511	26.372175	12.622977	N
12.819610	26.639686	12.823006	N
12.919706	26.752970	12.922966	N
13.019532	26.886604	13.022923	N
13.119915	27.020361	13.122941	N
13.219846	27.153815	13.222953	N
13.320146	27.287354	13.322986	N
13.420121	27.398461	13.422928	N
13.520221	27.531990	13.522849	N
13.620344	27.665393	13.622977	N
13.720490	27.774444	13.722996	N
13.820661	27.907895	13.823006	N
13.920749	28.041393	13.922966	N
14.020775	28.174641	14.022923	N
14.121231	28.308137	14.122941	N
14.221153	28.414472	14.222953	N
14.265761	28.461198	14.267359	N
14.321391	28.517196	14.322986	N
14.421604	28.650599	14.422928	N
14.521792	28.764624	14.522849	N
14.622007	28.877256	14.622977	N
14.633367	28.892373	14.634267	N
14.825516	28.941472	14.826056	N
15.001863	29.100646	15.002148	N
15.223989	29.270166	15.223996	N
15.826723	29.829799	15.826056	N
16.128141	30.251200	16.127086	N
16.304512	30.517791	16.303178	N
16.429704	30.709075	16.428116	N
16.526830	30.857550	16.525026	N
16.606209	30.978838	16.604208	N
16.673335	31.081527	16.671154	N
16.731499	31.170731	16.729146	N
16.782817	31.249810	16.780299	N
16.828725	31.320999	16.826056	N
16.870263	31.385890	16.867449	N
16.908195	31.445682	16.905238	N
16.943094	31.501211	16.940000	N
16.975413	31.553179	16.972184	N
17.005524	31.602091	17.002148	N
17.033665	31.648556	17.030176	N
17.060093	31.692371	17.056505	N
17.085041	31.734351	17.081329	N
17.108666	31.774545	17.104810	N
17.131041	31.813134	17.127086	N
17.227112	32.095277	17.223996	0.939600
17.244289	32.140667	17.241030	0.937800
17.260828	32.184535	17.257420	0.936000
17.276775	32.227138	17.273214	0.934300
17.292170	32.268254	17.288454	0.932500
17.307053	32.308270	17.303178	0.930800
17.321457	32.347108	17.317418	0.929100
17.335411	32.384838	17.331206	0.927400
17.348947	32.421652	17.344570	0.925800
17.362088	32.457469	17.357535	0.924200
17.374856	32.491988	17.370124	0.922300
17.387271	32.525303	17.382359	0.920100
17.399358	32.557834	17.394258	0.917900
17.411129	32.589510	17.405840	0.915600
17.422604	32.620482	17.417121	0.913300
17.433794	32.650680	17.428116	0.910900
17.444719	32.680341	17.438840	0.908600
17.455388	32.709387	17.449306	0.906300
17.465818	32.737937	17.459525	0.904100
17.476011	32.765823	17.469509	0.901800
17.485986	32.793254	17.479269	0.899600
17.495753	32.820241	17.488814	0.897500
17.505317	32.846715	17.498154	0.895400
17.514686	32.872694	17.507298	0.893300
17.523873	32.898274	17.516252	0.891300
17.532880	32.923391	17.525026	0.889300
17.541720	32.948134	17.533626	0.887400
17.550399	32.972511	17.542060	0.885600
17.558919	32.996463	17.550332	0.883800
17.567286	33.020004	17.558450	0.882000
17.575511	33.043214	17.566419	0.880300
17.583598	33.066098	17.574244	0.878700
17.591548	33.088603	17.581931	0.877100
17.599367	33.110743	17.589484	0.875500
17.607062	33.132586	17.596908	0.874000
17.614640	33.154136	17.604208	0.872600
17.622098	33.175348	17.611386	0.871200
17.629446	33.196284	17.618448	0.869900
17.636683	33.216898	17.625397	0.868600
17.643817	33.237248	17.632236	0.867400
17.650847	33.257294	17.638970	0.866200
17.657781	33.277089	17.645600	0.865100
17.664617	33.296594	17.652131	0.864000
17.671363	33.315859	17.658565	0.863000
17.678016	33.334849	17.664905	0.862000
17.684586	33.353610	17.671154	0.861100
17.691074	33.372146	17.677315	0.860300
17.697472	33.390387	17.683389	0.859400
17.703799	33.408451	17.689379	0.858700
17.710041	33.426234	17.695288	0.857900
17.716216	33.443846	17.701118	0.857300
17.722311	33.461191	17.706870	0.856600
17.728337	33.478339	17.712547	0.856000
17.734298	33.495295	17.718151	0.855500
17.740189	33.512031	17.723683	0.855000
17.746018	33.528581	17.729146	0.854600
17.751781	33.544921	17.734541	0.854200
17.757479	33.561057	17.739870	0.853800
17.763121	33.577018	17.745134	0.853500
17.768701	33.592782	17.750336	0.853200
17.774228	33.608378	17.755475	0.853000
17.779696	33.623785	17.760555	0.852800
17.785113	33.639030	17.765576	0.852700
17.790474	33.654093	17.770539	0.852600
17.795782	33.668979	17.775446	0.852500
17.801042	33.683711	17.780299	0.852500
17.806251	33.698273	17.785098	0.852500
17.811415	33.712686	17.789844	0.852600
17.816529	33.726935	17.794539	0.852700
17.821601	33.741039	17.799184	0.852900
17.826626	33.754984	17.803780	0.853100
17.831604	33.768776	17.808328	0.853300
17.836544	33.782430	17.812828	0.853600
17.841439	33.795934	17.817282	0.853900
17.846290	33.809293	17.821691	0.854200
17.851106	33.822520	17.826056	0.854600
17.855885	33.835617	17.830378	0.855100
17.860618	33.848566	17.834656	0.855500
17.865317	33.861388	17.838894	0.856000
17.869983	33.874086	17.843090	0.856600
17.874605	33.886644	17.847246	0.857100
17.879201	33.899088	17.851362	0.857800
17.883754	33.911399	17.855440	0.858400
17.888278	33.923592	17.859480	0.859100
17.892766	33.935662	17.863483	0.859800
17.897225	33.947618	17.867449	0.860600
17.901650	33.959454	17.871379	0.861400
17.906042	33.971175	17.875274	0.862200
17.910407	33.982784	17.879135	0.863100
17.914739	33.994281	17.882961	0.864000
17.919041	34.005667	17.886754	0.864900
17.923316	34.016946	17.890514	0.865900
17.927562	34.028117	17.894242	0.866900
17.931778	34.039183	17.897938	0.867900
17.935970	34.050146	17.901603	0.869000
17.940133	34.061006	17.905238	0.870100
17.944268	34.071765	17.908842	0.871200
17.948381	34.082424	17.912416	0.872400
17.952467	34.092985	17.915961	0.873600
17.956526	34.103449	17.919478	0.874800
17.960563	34.113817	17.922966	0.876100
17.964575	34.124090	17.926427	0.877400
17.968562	34.134272	17.929860	0.878700
17.972529	34.144358	17.933266	0.880100
17.976471	34.154355	17.936646	0.881500
17.980389	34.164264	17.940000	0.882900
17.984283	34.174085	17.943328	0.884300
17.988159	34.183816	17.946630	0.885800
17.992012	34.193462	17.949908	0.887300
17.995843	34.203024	17.953161	0.888800
17.999656	34.212498	17.956390	0.890400
18.003447	34.221890	17.959595	0.892000
18.007217	34.231202	17.962777	0.893600
18.010965	34.240435	17.965935	0.895200
18.014693	34.249590	17.969071	0.896800
18.018405	34.258660	17.972184	0.898500
18.022097	34.267654	17.975275	0.900200
18.025774	34.276563	17.978345	0.902000
18.029426	34.285409	17.981392	0.903700
18.033064	34.294171	17.984419	0.905500
18.036678	34.302872	17.987424	0.907200
18.040283	34.311480	17.990409	0.909100
18.043865	34.320029	17.993374	0.910900
18.047429	34.328509	17.996318	0.912700
18.050980	34.336909	17.999243	0.914600
18.054509	34.345254	18.002148	0.916400
18.058024	34.353519	18.005033	0.918300
18.061523	34.361719	18.007900	0.920200
18.065010	34.369841	18.010748	0.922200
18.068476	34.377912	18.013577	0.924100
18.071926	34.385919	18.016388	0.926000
18.075360	34.393865	18.019181	0.927900
18.078782	34.401734	18.021956	0.929900
18.082189	34.409542	18.024713	0.931900
18.085577	34.417306	18.027453	0.933800
18.088954	34.424994	18.030176	0.935800
18.092312	34.432640	18.032882	0.937700
18.095660	34.440212	18.035571	0.939700
18.098994	34.447727	18.038244	0.941700
18.102310	34.455203	18.040900	0.943600
18.105616	34.462605	18.043540	0.945600
18.108905	34.469971	18.046164	0.947500
18.112184	34.477264	18.048773	0.949500
18.115447	34.484523	18.051366	0.951400
18.118697	34.491729	18.053943	0.953300
18.121934	34.498882	18.056505	0.955200
18.125159	34.505985	18.059052	0.957100
18.128369	34.513057	18.061585	0.958900
18.131570	34.520059	18.064102	0.960800
18.134756	34.527032	18.066606	0.962600
18.137930	34.533957	18.069094	0.964400
18.141093	34.540834	18.071569	0.966200
18.144242	34.547685	18.074030	0.967900
18.147380	34.554490	18.076476	0.969600
18.150507	34.561249	18.078909	0.971300
18.153620	34.567986	18.081329	0.972900
18.156724	34.574678	18.083735	0.974500
18.159814	34.581349	18.086128	0.976000
18.162895	34.587978	18.088507	0.977500
18.165966	34.594564	18.090874	0.979000
18.169024	34.601132	18.093228	0.980400
18.172071	34.607683	18.095569	0.981700
18.175109	34.614193	18.097898	0.983000
18.178135	34.620689	18.100214	0.984200
18.181151	34.627171	18.102518	0.985300
18.184156	34.633640	18.104810	0.986300
18.187152	34.640096	18.107090	0.987200
18.190137	34.646542	18.109358	0.988000
18.193113	34.652952	18.111614	0.988800
18.196079	34.659326	18.113858	0.989600
18.199037	34.665664	18.116091	0.990400
18.201983	34.671995	18.118312	0.991100
18.204921	34.678291	18.120523	0.991800
18.207849	34.684580	18.122721	0.992400
18.210769	34.690808	18.124909	0.993100
18.213679	34.697031	18.127086	0.993700
18.216581	34.703221	18.129252	0.994300
18.219473	34.709407	18.131408	0.994800
18.222356	34.715561	18.133552	0.995300
18.225232	34.721683	18.135686	0.995800
18.228098	34.727803	18.137810	0.996200
18.230957	34.733864	18.139924	0.996700
18.233807	34.739923	18.142027	0.997100
18.236648	34.745981	18.144120	0.997400
18.239481	34.752010	18.146203	0.997700
18.242307	34.757979	18.148276	0.998100
18.245124	34.763980	18.150339	0.998300
18.247934	34.769921	18.152392	0.998600
18.250735	34.775865	18.154436	0.998800
18.253530	34.781780	18.156470	0.999000
18.256316	34.787668	18.158495	0.999200
18.259096	34.793528	18.160510	0.999400
18.261867	34.799392	18.162516	0.999500
18.264631	34.805229	18.164513	0.999600
18.267389	34.811040	18.166500	0.999700
18.270139	34.816825	18.168479	0.999800
18.272882	34.822583	18.170449	0.999900
18.275617	34.828347	18.172409	0.999900
18.278346	34.834054	18.174361	1.000000
18.281068	34.839767	18.176304	1.000000
18.283784	34.845456	18.178239	1.000000
18.286492	34.851120	18.180165	1.000000
18.289194	34.856759	18.182082	1.000000
18.291889	34.862374	18.183991	1.000000
18.294578	34.867965	18.185892	1.000000
18.297260	34.873532	18.187784	1.000000
18.299936	34.879075	18.189668	1.000000
18.302606	34.884594	18.191544	1.000000
18.305269	34.890091	18.193412	1.000000
18.307926	34.895564	18.195272	1.000000
18.310577	34.901015	18.197124	1.000000
18.313221	34.906442	18.198968	1.000000
18.315860	34.911847	18.200805	1.000000
18.318493	34.917230	18.202633	1.000000
18.321119	34.922591	18.204454	1.000000
18.323740	34.927929	18.206268	1.000000
18.326355	34.933246	18.208073	1.000000
18.328964	34.938541	18.209872	1.000000
18.331567	34.943815	18.211663	1.000000
18.334164	34.949068	18.213446	1.000000
18.336756	34.954299	18.215222	1.000000
18.339343	34.959509	18.216991	1.000000
18.341923	34.964699	18.218753	1.000000
18.344498	34.969868	18.220508	1.000000
18.347068	34.975017	18.222256	1.000000
18.349632	34.980145	18.223996	1.000000
18.352191	34.985253	18.225730	1.000000
18.354745	34.990342	18.227457	1.000000
18.357293	34.995410	18.229177	1.000000
18.359836	35.000459	18.230890	1.000000
18.362374	35.005488	18.232596	1.000000
18.364906	35.010498	18.234296	1.000000
18.367433	35.015489	18.235989	1.000000
18.369956	35.020461	18.237676	1.000000
18.372473	35.025413	18.239356	1.000000
18.374985	35.030347	18.241030	1.000000
18.377492	35.035263	18.242697	1.000000
18.379995	35.040160	18.244358	1.000000
18.382492	35.045038	18.246012	1.000000
18.384984	35.049899	18.247660	1.000000
18.387472	35.054741	18.249302	1.000000
18.389955	35.059565	18.250938	1.000000
18.392433	35.064372	18.252568	1.000000
18.394906	35.069160	18.254191	1.000000
18.397375	35.073932	18.255809	1.000000
18.399839	35.078686	18.257420	1.000000
18.402298	35.083422	18.259026	1.000000
18.404753	35.088142	18.260625	1.000000
18.407203	35.092844	18.262219	1.000000
18.409649	35.097529	18.263807	1.000000
18.412090	35.102198	18.265389	1.000000
18.414527	35.106850	18.266965	1.000000
18.416959	35.111486	18.268536	1.000000
18.419387	35.116105	18.270101	1.000000
18.421810	35.120707	18.271660	1.000000
18.424229	35.125294	18.273214	1.000000
18.426644	35.129864	18.274763	1.000000
18.429054	35.134418	18.276305	1.000000
18.431460	35.138957	18.277843	1.000000
18.433862	35.143479	18.279375	1.000000
18.436260	35.147987	18.280901	1.000000
18.438654	35.152478	18.282422	1.000000
18.441043	35.156954	18.283938	1.000000
18.443428	35.161415	18.285449	1.000000
18.445810	35.165860	18.286954	1.000000
18.448187	35.170291	18.288454	1.000000
18.450560	35.174706	18.289949	1.000000
18.452929	35.179107	18.291439	1.000000
18.455294	35.183492	18.292924	1.000000
18.457655	35.187863	18.294404	1.000000
18.460012	35.192219	18.295878	1.000000
18.462365	35.196561	18.297348	1.000000
18.464714	35.200889	18.298813	1.000000
18.467060	35.205202	18.300273	1.000000
18.469401	35.209500	18.301727	1.000000
18.471739	35.213785	18.303178	1.000000
18.474073	35.218056	18.304623	1.000000
18.476403	35.222312	18.306063	1.000000
18.478729	35.226555	18.307499	1.000000
18.481052	35.230784	18.308930	1.000000
18.483370	35.234999	18.310356	1.000000
18.485686	35.239201	18.311778	1.000000
18.487997	35.243389	18.313195	1.000000
18.490305	35.247564	18.314607	1.000000
18.492609	35.251725	18.316015	1.000000
18.494909	35.255873	18.317418	1.000000
18.497206	35.260008	18.318817	1.000000
18.499499	35.264130	18.320211	1.000000
18.501789	35.268239	18.321601	1.000000
18.504075	35.272335	18.322986	1.000000
18.506358	35.276418	18.324367	1.000000
18.508637	35.280489	18.325743	1.000000
18.510913	35.284546	18.327116	1.000000
18.513185	35.288591	18.328483	1.000000
18.515454	35.292624	18.329847	1.000000
18.517719	35.296644	18.331206	1.000000
18.519981	35.300652	18.332561	1.000000
18.522239	35.304647	18.333912	1.000000
18.524494	35.308630	18.335259	1.000000
18.526746	35.312601	18.336601	1.000000
18.528994	35.316560	18.337940	1.000000
18.531239	35.320507	18.339274	1.000000
18.533481	35.324443	18.340604	1.000000
18.535719	35.328366	18.341930	1.000000
18.537955	35.332277	18.343252	1.000000
18.540186	35.336177	18.344570	1.000000
18.542415	35.340065	18.345884	1.000000
18.544640	35.343942	18.347194	1.000000
18.546862	35.347807	18.348501	1.000000
18.549081	35.351660	18.349803	1.000000
18.551297	35.355502	18.351101	1.000000
18.553510	35.359333	18.352396	1.000000
18.555719	35.363153	18.353686	1.000000
18.557925	35.366961	18.354973	1.000000
18.560128	35.370759	18.356256	1.000000
18.562328	35.374545	18.357535	1.000000
18.564525	35.378320	18.358811	1.000000
18.566719	35.382085	18.360082	1.000000
18.568909	35.385839	18.361350	1.000000
18.571097	35.389581	18.362615	1.000000
18.573281	35.393313	18.363875	1.000000
18.575463	35.397035	18.365132	1.000000
18.577641	35.400746	18.366386	1.000000
18.579817	35.404446	18.367636	1.000000
18.581989	35.408136	18.368882	1.000000
18.584159	35.411815	18.370124	1.000000
18.586325	35.415484	18.371363	1.000000
18.588489	35.419143	18.372599	1.000000
18.590649	35.422791	18.373831	1.000000
18.592807	35.426430	18.375060	1.000000
18.594961	35.430058	18.376285	1.000000
18.597113	35.433676	18.377506	1.000000
18.599262	35.437284	18.378725	1.000000
18.601408	35.440882	18.379939	1.000000
18.603551	35.444470	18.381151	1.000000
18.605691	35.448049	18.382359	1.000000
18.607829	35.451617	18.383563	1.000000
18.609963	35.455176	18.384765	1.000000
18.612095	35.458725	18.385963	1.000000
18.614223	35.462264	18.387158	1.000000
18.616349	35.465794	18.388349	1.000000
18.618473	35.469314	18.389537	1.000000
18.620593	35.472825	18.390722	1.000000
18.622711	35.476326	18.391904	1.000000
18.624825	35.479818	18.393083	1.000000
18.626938	35.483301	18.394258	1.000000
18.629047	35.486774	18.395430	1.000000
18.631153	35.490238	18.396599	1.000000
18.633257	35.493693	18.397765	1.000000
18.635358	35.497139	18.398928	1.000000
18.637457	35.500576	18.400088	1.000000
18.639552	35.504003	18.401244	1.000000
18.641645	35.507422	18.402398	1.000000
18.643736	35.510832	18.403548	1.000000
18.645823	35.514233	18.404695	1.000000
18.647908	35.517624	18.405840	1.000000
18.649991	35.521008	18.406981	1.000000
18.652070	35.524382	18.408120	1.000000
18.654147	35.527748	18.409255	1.000000
18.656222	35.531105	18.410388	1.000000
18.658293	35.534453	18.411517	1.000000
18.660363	35.537793	18.412644	1.000000
18.662429	35.541124	18.413767	1.000000
18.664493	35.544446	18.414888	1.000000
18.666554	35.547761	18.416006	1.000000
18.668613	35.551067	18.417121	1.000000
18.670669	35.554364	18.418233	1.000000
18.672723	35.557653	18.419342	1.000000
18.674774	35.560934	18.420449	1.000000
18.676823	35.564207	18.421553	1.000000
18.678869	35.567471	18.422653	1.000000
18.680912	35.570727	18.423751	1.000000
18.682953	35.573975	18.424847	1.000000
18.684992	35.577215	18.425939	1.000000
18.687027	35.580448	18.427029	1.000000
