7.018700	17.988737	7.022992	N
7.418633	18.696182	7.422928	N
7.818688	19.385785	7.823006	N
8.218535	20.061075	8.222953	N
8.618676	20.721481	8.622977	N
9.018700	21.365113	9.022923	N
9.418633	21.989227	9.422928	N
9.818754	22.592288	9.823006	N
9.918712	22.720903	9.922966	N
10.218798	23.156852	10.222953	N
10.518777	23.583539	10.522849	N
10.818820	24.002598	10.823006	N
11.118926	24.415641	11.122941	N
11.418964	24.824516	11.422928	N
11.519040	24.941412	11.522849	N
11.719083	25.211921	11.722996	N
11.919130	25.481299	11.922966	N
12.019116	25.615845	12.022923	N
12.119256	25.702086	12.122941	N
12.219323	25.836324	12.222953	N
12.419295	26.104487	12.422928	N
12.619511	26.372175	12.622977	N
12.819610	26.639686	12.823006	N
12.919706	26.752970	12.922966	N
13.019532	26.886604	13.022923	N
13.119915	27.020361	13.122941	N
13.219846	27.153815	13.222953	N
13.320146	27.287354	13.322986	N
13.420121	27.398461	13.422928	N
13.520221	27.531990	13.522849	N
13.620344	27.665393	13.622977	N
13.720490	27.774444	13.722996	N
13.820661	27.907895	13.823006	N
13.920749	28.041393	13.922966	N
14.020775	28.174641	14.022923	N
14.121231	28.308137	14.122941	N
14.221153	28.414472	14.222953	N
14.265761	28.461198	14.267359	N
14.321391	28.517196	14.322986	N
14.421604	28.650599	14.422928	N
14.521792	28.764624	14.522849	N
14.622007	28.877256	14.622977	N
14.633367	28.892373	14.634267	N
14.825516	28.941472	14.826056	N
15.001863	29.100646	15.002148	N
15.223989	29.270166	15.223996	N
15.826723	29.829799	15.826056	N
16.128141	30.251200	16.127086	N
16.304512	30.517791	16.303178	N
16.429704	30.709075	16.428116	N
16.526830	30.857550	16.525026	N
16.606209	30.978838	16.604208	N
16.673335	31.081527	16.671154	N
16.731499	31.170731	16.729146	N
16.782817	31.249810	16.780299	N
16.828725	31.320999	16.826056	N
16.870263	31.385890	16.867449	N
16.908195	31.445682	16.905238	N
16.943094	31.501211	16.940000	N
16.975413	31.553179	16.972184	N
17.005524	31.602091	17.002148	N
17.033665	31.648556	17.030176	N
17.060093	31.692371	17.056505	N
17.085041	31.734351	17.081329	N
17.108666	31.774545	17.104810	N
17.131041	31.813134	17.127086	N
17.227117	32.093607	17.223996	0.940100
17.244294	32.139154	17.241030	0.938200
17.260831	32.183162	17.257420	0.936300
17.276777	32.225888	17.273214	0.934500
17.292172	32.267259	17.288454	0.932700
17.307053	32.307359	17.303178	0.930900
17.321458	32.346404	17.317418	0.929200
17.335413	32.384314	17.331206	0.927500
17.348947	32.421155	17.344570	0.925800
17.362087	32.457109	17.357535	0.924200
17.374855	32.491740	17.370124	0.922300
17.387271	32.525145	17.382359	0.920100
17.399357	32.557745	17.394258	0.917900
17.411129	32.589470	17.405840	0.915600
17.422604	32.620472	17.417121	0.913300
17.433794	32.650680	17.428116	0.910900
17.444719	32.680332	17.438840	0.908600
17.455388	32.709348	17.449306	0.906300
17.465818	32.737849	17.459525	0.904100
17.476011	32.765668	17.469509	0.901800
17.485987	32.793012	17.479269	0.899600
17.495754	32.819895	17.488814	0.897500
17.505315	32.846162	17.498154	0.895300
17.514684	32.872003	17.507298	0.893200
17.523872	32.897428	17.516252	0.891200
17.532881	32.922372	17.525026	0.889200
17.541718	32.946852	17.533626	0.887200
17.550395	32.970956	17.542060	0.885300
17.558912	32.994622	17.550332	0.883400
17.567282	33.017934	17.558450	0.881600
17.575505	33.040833	17.566419	0.879800
17.583587	33.063334	17.574244	0.878000
17.591537	33.085512	17.581931	0.876300
17.599355	33.107313	17.589484	0.874600
17.607051	33.128808	17.596908	0.873000
17.614624	33.149946	17.604208	0.871400
17.622079	33.170739	17.611386	0.869800
17.629424	33.191251	17.618448	0.868300
17.636659	33.211435	17.625397	0.866800
17.643786	33.231301	17.632236	0.865300
17.650815	33.250909	17.638970	0.863900
17.657743	33.270214	17.645600	0.862500
17.664574	33.289225	17.652131	0.861100
17.671316	33.307999	17.658565	0.859800
17.677966	33.326493	17.664905	0.858500
17.684527	33.344714	17.671154	0.857200
17.691003	33.362670	17.677315	0.855900
17.697400	33.380413	17.683389	0.854700
17.703716	33.397903	17.689379	0.853500
17.709953	33.415147	17.695288	0.852300
17.716113	33.432151	17.701118	0.851100
17.722205	33.448962	17.706870	0.850000
17.728218	33.465503	17.712547	0.848800
17.734166	33.481862	17.718151	0.847700
17.740052	33.498041	17.723683	0.846700
17.745865	33.513969	17.729146	0.845600
17.751613	33.529688	17.734541	0.844500
17.757303	33.545242	17.739870	0.843500
17.762932	33.560596	17.745134	0.842500
17.768501	33.575756	17.750336	0.841500
17.774010	33.590726	17.755475	0.840500
17.779463	33.605510	17.760555	0.839500
17.784860	33.620113	17.765576	0.838500
17.790203	33.634538	17.770539	0.837500
17.795499	33.648823	17.775446	0.836600
17.800736	33.662904	17.780299	0.835600
17.805930	33.676851	17.785098	0.834700
17.811074	33.690635	17.789844	0.833800
17.816164	33.704228	17.794539	0.832800
17.821213	33.717695	17.799184	0.831900
17.826216	33.731009	17.803780	0.831000
17.831174	33.744173	17.808328	0.830100
17.836088	33.757189	17.812828	0.829200
17.840959	33.770061	17.817282	0.828300
17.845789	33.782791	17.821691	0.827400
17.850577	33.795383	17.826056	0.826500
17.855319	33.807809	17.830378	0.825500
17.860028	33.820131	17.834656	0.824600
17.864699	33.832322	17.838894	0.823700
17.869332	33.844384	17.843090	0.822800
17.873928	33.856320	17.847246	0.821900
17.878489	33.868132	17.851362	0.821000
17.883014	33.879823	17.855440	0.820100
17.887505	33.891393	17.859480	0.819200
17.891955	33.902819	17.863483	0.818200
17.896380	33.914157	17.867449	0.817300
17.900764	33.925355	17.871379	0.816300
17.905125	33.936468	17.875274	0.815400
17.909447	33.947444	17.879135	0.814400
17.913745	33.958340	17.882961	0.813500
17.918007	33.969103	17.886754	0.812500
17.922240	33.979761	17.890514	0.811500
17.926444	33.990318	17.894242	0.810500
17.930620	34.000773	17.897938	0.809500
17.934768	34.011129	17.901603	0.808500
17.938889	34.021387	17.905238	0.807500
17.942977	34.031523	17.908842	0.806400
17.947046	34.041589	17.912416	0.805400
17.951082	34.051537	17.915961	0.804300
17.955093	34.061392	17.919478	0.803200
17.959080	34.071157	17.922966	0.802100
17.963043	34.080832	17.926427	0.801000
17.966982	34.090419	17.929860	0.799900
17.970890	34.099893	17.933266	0.798700
17.974776	34.109281	17.936646	0.797500
17.978647	34.118611	17.940000	0.796400
17.982488	34.127831	17.943328	0.795200
17.986308	34.136969	17.946630	0.794000
17.990099	34.145999	17.949908	0.792700
17.993878	34.154975	17.953161	0.791500
17.997628	34.163845	17.956390	0.790200
18.001358	34.172637	17.959595	0.788900
18.005068	34.181352	17.962777	0.787600
18.008751	34.189963	17.965935	0.786200
18.012423	34.198525	17.969071	0.784900
18.016069	34.206986	17.972184	0.783500
18.019696	34.215373	17.975275	0.782100
18.023305	34.223686	17.978345	0.780700
18.026889	34.231900	17.981392	0.779200
18.030463	34.240069	17.984419	0.777800
18.034012	34.248141	17.987424	0.776300
18.037536	34.256114	17.990409	0.774700
18.041051	34.264045	17.993374	0.773200
18.044542	34.271880	17.996318	0.771600
18.048017	34.279646	17.999243	0.770000
18.051477	34.287345	18.002148	0.768400
18.054921	34.294976	18.005033	0.766800
18.058341	34.302512	18.007900	0.765100
18.061746	34.309983	18.010748	0.763400
18.065136	34.317388	18.013577	0.761700
18.068512	34.324727	18.016388	0.760000
18.071865	34.331974	18.019181	0.758200
18.075203	34.339156	18.021956	0.756400
18.078528	34.346275	18.024713	0.754600
18.081830	34.353301	18.027453	0.752700
18.085119	34.360263	18.030176	0.750800
18.088394	34.367164	18.032882	0.748900
18.091657	34.374002	18.035571	0.747000
18.094897	34.380748	18.038244	0.745000
18.098124	34.387433	18.040900	0.743000
18.101339	34.394056	18.043540	0.741000
18.104542	34.400619	18.046164	0.739000
18.107723	34.407090	18.048773	0.736900
18.110892	34.413501	18.051366	0.734800
18.114049	34.419852	18.053943	0.732700
18.117184	34.426111	18.056505	0.730500
18.120308	34.432311	18.059052	0.728300
18.123421	34.438451	18.061585	0.726100
18.126522	34.444532	18.064102	0.723900
18.129602	34.450521	18.066606	0.721600
18.132671	34.456451	18.069094	0.719300
18.135730	34.462322	18.071569	0.717000
18.138777	34.468136	18.074030	0.714700
18.141804	34.473856	18.076476	0.712300
18.144820	34.479518	18.078909	0.709900
18.147825	34.485122	18.081329	0.707500
18.150809	34.490633	18.083735	0.705000
18.153783	34.496085	18.086128	0.702500
18.156747	34.501480	18.088507	0.700000
18.159701	34.506816	18.090874	0.697500
18.162634	34.512058	18.093228	0.694900
18.165557	34.517242	18.095569	0.692300
18.168470	34.522368	18.097898	0.689700
18.171373	34.527436	18.100214	0.687100
18.174255	34.532408	18.102518	0.684400
18.177128	34.537321	18.104810	0.681700
18.179991	34.542177	18.107090	0.679000
18.182844	34.546975	18.109358	0.676300
18.185676	34.551674	18.111614	0.673500
18.188499	34.556316	18.113858	0.670700
18.191312	34.560898	18.116091	0.667900
18.194116	34.565422	18.118312	0.665100
18.196911	34.569888	18.120523	0.662300
18.199683	34.574253	18.122721	0.659400
18.202447	34.578559	18.124909	0.656500
18.205201	34.582806	18.127086	0.653600
18.207947	34.586993	18.129252	0.650700
18.210669	34.591078	18.131408	0.647700
18.213397	34.595146	18.133552	0.644800
18.216102	34.599110	18.135686	0.641800
18.218797	34.603014	18.137810	0.638800
18.221469	34.606812	18.139924	0.635700
18.224146	34.610594	18.142027	0.632700
18.226800	34.614269	18.144120	0.629600
18.229460	34.617929	18.146203	0.626600
18.232095	34.621481	18.148276	0.623500
18.234722	34.624970	18.150339	0.620400
18.237324	34.628349	18.152392	0.617200
18.239932	34.631713	18.154436	0.614100
18.242532	34.635013	18.156470	0.611000
18.245106	34.638201	18.158495	0.607800
18.247671	34.641324	18.160510	0.604600
18.250226	34.644383	18.162516	0.601400
18.252772	34.647376	18.164513	0.598200
18.255309	34.650303	18.166500	0.595000
18.257837	34.653165	18.168479	0.591800
18.260355	34.655960	18.170449	0.588600
18.262864	34.658689	18.172409	0.585400
18.265345	34.661296	18.174361	0.582100
18.267835	34.663889	18.176304	0.578900
18.270297	34.666359	18.178239	0.575600
18.272750	34.668758	18.180165	0.572300
18.275211	34.671144	18.182082	0.569100
18.277643	34.673403	18.183991	0.565800
18.280066	34.675590	18.185892	0.562500
18.282478	34.677705	18.187784	0.559200
18.284881	34.679747	18.189668	0.555900
18.287273	34.681715	18.191544	0.552600
18.289654	34.683609	18.193412	0.549300
18.292026	34.685428	18.195272	0.546000
18.294387	34.687171	18.197124	0.542700
18.296737	34.688837	18.198968	0.539400
18.299077	34.690426	18.200805	0.536100
18.301406	34.691936	18.202633	0.532800
18.303724	34.693366	18.204454	0.529500
18.306031	34.694716	18.206268	0.526200
18.308328	34.695985	18.208073	0.522900
18.310613	34.697171	18.209872	0.519600
18.312887	34.698273	18.211663	0.516300
18.315149	34.699291	18.213446	0.513000
18.317423	34.700293	18.215222	0.509800
18.319663	34.701138	18.216991	0.506500
18.321891	34.701894	18.218753	0.503200
18.324107	34.702560	18.220508	0.499900
18.326311	34.703135	18.222256	0.496600
18.328527	34.703693	18.223996	0.493400
18.330707	34.704081	18.225730	0.490100
18.332900	34.704451	18.227457	0.486900
18.335055	34.704646	18.229177	0.483600
18.337222	34.704822	18.230890	0.480400
18.339378	34.704899	18.232596	0.477200
